x,y,point_id,parent_region_id,true_variant_id,phase,r00,r01,r02,r10,r11,r12,r20,r21,r22
0,0,0,1,5,martensite,-0.6695302208314207,0.2340785276817736,-0.7049372498824007,-0.7296228786040244,-0.38512282486422184,0.5650936778855158,-0.13921112890500606,0.8926856404395308,0.4286404191651305
1,0,1,1,5,martensite,-0.668979408453577,0.235726347422964,-0.7049110867306106,-0.73004023362693,-0.386592925151491,0.5635487268273712,-0.13967035602102523,0.8916159483507693,0.43071242412486566
2,0,2,1,8,martensite,0.2083011272769466,0.2806375833548501,0.9369381981667214,0.26391728256568325,0.9062894782906924,-0.3301318668391916,-0.9417846401053154,0.3160410232047953,0.11471601158237474
3,0,3,1,10,martensite,0.35542420779134565,0.9146656007076326,-0.1925109643579821,-0.7453767192588785,0.15308123856332492,-0.6488294697274388,-0.5639921798241224,0.3741028913040695,0.7361792226184942
4,0,4,1,4,martensite,-0.7331386430667568,0.6790621597515948,-0.037179473311679895,0.5172920392281055,0.5213267186403465,-0.6786953650813576,-0.44149368760318936,-0.5168104445782694,-0.7334782124789726
5,0,5,1,9,martensite,-0.36432486289177324,-0.9183556536302272,0.15456483340103472,-0.07701462448482098,-0.13569205793343098,-0.9877532146387845,0.9280819693832831,-0.37176680709712256,-0.021290825405744604
6,0,6,1,5,martensite,-0.6682127702561571,0.2366436778760312,-0.7053307475134607,-0.7316662058266068,-0.38074113322365755,0.5654208633600839,-0.1347451554523934,0.8938881133524879,0.4275602693062581
7,0,7,1,6,martensite,0.6361211022289479,-0.2733283668639769,0.7215549508987517,-0.41565808205464605,-0.9092545145415944,0.022013327971535834,0.6500602296108275,-0.31392328944059006,-0.6920071287386552
8,0,8,1,8,martensite,0.2170502441724682,0.2844528478986964,0.9337964279365139,0.27173186079327905,0.9011849031086206,-0.3376796799319265,-0.9375771900672999,0.32703569794661164,0.11830750159680786
9,0,9,1,6,martensite,0.6339107107029565,-0.2662304894768419,0.726139475120995,-0.40897261375211913,-0.9122678556537124,0.022555725254085168,0.6564286800992419,-0.31126947491506296,-0.6871773438707567
10,0,10,1,3,martensite,0.7711908319884182,-0.6365741188925531,0.00617185654250793,0.6335281737833955,0.7683805060339183,0.09073836547864164,-0.06250402930761775,-0.06606655056251463,0.9958556407517524
11,0,11,1,12,martensite,0.8279193033897245,0.4092293814041535,-0.38351133030230955,0.5391480113044534,-0.3923614161358746,0.7452328099555894,0.1544961131586376,-0.823761999926814,-0.5454787974756204
12,0,12,1,9,martensite,-0.3676149124450696,-0.9166382790471671,0.15695076149369955,-0.07972548723142257,-0.13708396041624277,-0.9873458535297094,0.9265544359797306,-0.37547603542975416,-0.022685325305967667
13,0,13,1,12,martensite,0.8258367289692212,0.4026869990794672,-0.39476179888356716,0.5432890122833264,-0.38058891736289363,0.7483242112298307,0.1510984653053247,-0.832463366613158,-0.53307972858613
14,0,14,2,10,martensite,-0.85530443159424,-0.3602014151363712,0.37243693402911815,0.14837208180547803,0.5184386872984996,0.8421443183047176,-0.49642729038194766,0.7755490107310847,-0.38997907292324435
15,0,15,2,4,martensite,0.43339722465480723,-0.6086285096353388,-0.6646338713311088,-0.8788606683774998,-0.44863856921276357,-0.16225707933331834,-0.19942610471190833,0.6544423362480382,-0.7293383695416304
16,0,16,2,1,martensite,-0.7941270359106383,0.6058536753998631,-0.04799557104838975,0.38702223730527774,0.44323905120319546,-0.8085498941436504,-0.4685894137376571,-0.6606666841100496,-0.5864669588647179
17,0,17,2,6,martensite,-0.19764289131617963,-0.33061269848906355,-0.9228393853265913,0.9403722692011733,0.20191401297649683,-0.27373477433669835,0.27683439603780646,-0.9219142991414692,0.2709921441829567
18,0,18,2,6,martensite,-0.20741042558121991,-0.30862844658843513,-0.9282938098019544,0.9449159247608755,0.18241293432792602,-0.2717708897641084,0.2532090253002777,-0.9335277196453705,0.2537935896751492
19,0,19,2,2,martensite,0.7338311061801586,-0.6754944000857074,0.07210563816550795,0.6351705873199638,0.7198959499446974,0.2798359273875207,-0.24093615877658797,-0.15955292760106832,0.9573362161163188
20,0,20,2,2,martensite,0.7221630275590523,-0.6865742160265214,0.0842401775538922,0.6417571325108801,0.7104563137446575,0.28878990483007816,-0.2581246685192183,-0.15449165721138647,0.9536791826153715
21,0,21,2,12,martensite,-0.3042553473412011,-0.9236954555624892,0.23284198287141128,0.08933842369199636,-0.2710219302146066,-0.9584183634483316,0.9483919704776683,-0.27080217635010684,0.16498136748594114
22,0,22,2,3,martensite,-0.35390768694244357,0.6844683449325071,0.6373793485110762,-0.15316485451807402,-0.714699433841694,0.6824553074061476,0.922653714273945,0.14390206409818018,0.3577741179638022
23,0,23,2,6,martensite,-0.19642061350794182,-0.33577014392404747,-0.9212368604427353,0.9460443679650369,0.18205008637902162,-0.26806308938573503,0.25771883212291175,-0.924184059859623,0.2818950639344135
24,0,24,2,7,martensite,0.7123422330361437,-0.253151422392298,0.6545860526881372,-0.26344840971690325,-0.9609274888514836,-0.08493112849371882,0.6505101678303846,-0.11194962487805948,-0.7512015728411028
25,0,25,2,6,martensite,-0.19329754668170063,-0.3265503934779949,-0.9252031663187296,0.9448445922772172,0.1921590757055334,-0.265223652920501,0.2643950735005007,-0.9254402898855021,0.271395495477178
26,0,26,2,1,martensite,-0.7925524880636514,0.6075576585898417,-0.052290010068316635,0.39007615942911494,0.4391981526823549,-0.8092870767072943,-0.4687228856255552,-0.6617995725060841,-0.5850813467558311
27,0,27,2,8,martensite,-0.6268757706664017,0.32682167693056396,-0.7072583400990752,-0.7767980638730758,-0.19215676676590235,0.5997170540755994,0.06009605739518785,0.9253449997024724,0.3743328671265529
28,0,28,3,9,martensite,0.14852144107678877,0.9212355706815356,-0.3595363748656579,0.21471669558640824,0.3248544070477393,0.9210680511548074,0.9653176276112062,-0.21399681664157183,-0.14955681291852224
29,0,29,3,6,martensite,-0.8100355319313397,0.13050578807910126,-0.5716735749416477,0.3109378948930657,0.9221643081055774,-0.2300665433643715,0.49715195114590455,-0.3641170527921126,-0.787565050861074
30,0,30,3,1,martensite,-0.48653716341475883,0.4588455273978882,0.7434664556005697,0.7118593276748045,0.7015522008557787,0.032875630439403204,-0.506495692201519,0.5452387472120506,-0.6679646864318036
31,0,31,3,10,martensite,-0.4139967524780124,-0.9073831103832897,-0.07254364154635715,0.6080797095282677,-0.33498051203270457,0.7197410113494467,-0.6773815437385914,0.2538581248442795,0.6904421023176882
32,0,32,3,4,martensite,0.8926039014323401,-0.45042231616049583,0.019442537189868637,-0.36530180712251487,-0.6972999811629482,0.6167068395787232,-0.26422124225881255,-0.5575773250184823,-0.7869527697164828
33,0,33,3,7,martensite,0.2829963322492335,0.4627625225158236,0.8400975679575993,-0.7917766507408601,-0.3816137004432798,0.4769284212285661,0.5412973409089198,-0.8001386326061118,0.25840928260446483
34,0,34,3,1,martensite,-0.5042294039697706,0.45075548810291577,0.7365950027779126,0.7056377441845512,0.7067684390618152,0.05053461712789859,-0.49782334432449876,0.5452502760120599,-0.6744435145765315
35,0,35,3,5,martensite,0.5097933230601186,-0.4589548603152585,0.727647719680563,0.8535962273047113,0.37520841547316,-0.36137532523580546,-0.10716458600902182,0.805344076250097,0.5830408822324493
36,0,36,3,3,martensite,-0.5898193541570746,0.7928159949051247,-0.1534794047562389,-0.8002886897975305,-0.5992767062022201,-0.020135599955554275,-0.10794045786397048,0.11095146518192502,0.9879466736267198
37,0,37,3,12,martensite,-0.7098846955509586,-0.30993356551206686,0.6324594089674852,-0.7010134845714001,0.22403506527754763,-0.6770438567590348,0.06814553155993902,-0.923985646260299,-0.37630667285254316
38,0,38,3,11,martensite,0.9231498565878979,0.3230711674743684,-0.20837313413319936,-0.13810270305450123,-0.22715087590968877,-0.9640176984799094,-0.35877846324826124,0.9187096931676568,-0.16507729701266066
39,0,39,3,7,martensite,0.28103798840034666,0.4631330530743077,0.8405506672568628,-0.7929269050378764,-0.3813434813374847,0.47523054669124776,0.5406334916955674,-0.8000530759840115,0.2600586535102817
0,1,40,1,9,martensite,-0.36896028234699907,-0.9152788480393163,0.16165685999129234,-0.07585529100155347,-0.14369494310747707,-0.9867105645286304,0.9263445821493707,-0.37631953664028733,-0.016411016584818205
1,1,41,1,11,martensite,-0.7941179007417385,-0.42287691065086624,0.4365224829947636,0.2812285800351009,0.38104837470646724,0.8807454921286858,-0.5387831154490416,0.822178359342995,-0.1836722622909778
2,1,42,1,9,martensite,-0.37049751345844983,-0.9148994267206072,0.16028297322987906,-0.07404494128184065,-0.14292222390934098,-0.9869602750786763,0.9258773888543098,-0.3775344711402022,-0.014791345753954268
3,1,43,1,3,martensite,0.763356378451111,-0.6459443391079629,0.006553644206198709,0.6428702532874804,0.7606392254072804,0.09025412018242446,-0.06328409686560472,-0.06468291541195186,0.9958972053067099
4,1,44,1,7,martensite,-0.17915638588156435,-0.23901434952874354,-0.954345393511808,0.8848094176462064,0.3849642547674014,-0.2625163175803752,0.4301340300911301,-0.8914452665591595,0.142513342837897
5,1,45,1,7,martensite,-0.1829394980078496,-0.23940265000508323,-0.9535300263962219,0.8842960276468178,0.38374776872070926,-0.26600410803206653,0.42959710841286447,-0.8918654725755563,0.14150018823621754
6,1,46,1,4,martensite,-0.7317771550807293,0.6806872887837382,-0.03416153085266688,0.5152740776004558,0.5197496104111416,-0.6814344923985473,-0.4460883547627682,-0.5162607455208175,-0.7310814061233786
7,1,47,1,10,martensite,0.347660278964822,0.914944396359027,-0.2049611719358535,-0.7518036761988776,0.14139355525200117,-0.644048984928206,-0.5602888209521542,0.37800081230655574,0.7370154835630178
8,1,48,1,4,martensite,-0.7335083191826752,0.679255120505172,-0.024042191191964175,0.5033967208895033,0.5191564988188734,-0.6907012893659781,-0.45668072773821106,-0.5187379020291786,-0.7227404111511022
9,1,49,1,12,martensite,0.8236368493878872,0.40450841730317955,-0.39748620185016703,0.5469567051421671,-0.3813716782168161,0.7452476137191676,0.14986895285688553,-0.8312211398809382,-0.5353603586226893
10,1,50,1,1,martensite,0.4070957005298439,-0.6781600501862453,-0.61185949117547,-0.850324471699903,-0.525977121616109,0.017215120235236282,-0.333498700804661,0.5132708971564839,-0.7907791111895794
11,1,51,1,9,martensite,-0.3710010707626157,-0.9141079061738152,0.16359994304252098,-0.07811503823088911,-0.1448286969684707,-0.9863684348845524,0.9253411513032259,-0.37872336131395196,-0.017673972385468518
12,1,52,1,10,martensite,0.35121553974379305,0.9147855671961753,-0.19953699078629034,-0.7574963131332195,0.1523592517080315,-0.6348117784103791,-0.5503153461716798,0.3741042962444305,0.7464576312821805
13,1,53,1,12,martensite,0.8289103570992493,0.3940676868531907,-0.39701168505696444,0.540556649059629,-0.3817184200925854,0.7497263213462932,0.1438962440476462,-0.8360632188657721,-0.5294262602183462
14,1,54,2,11,martensite,0.35058890220991423,0.9308031126446389,-0.10340690082532762,-0.8336858336089157,0.25987656480959176,-0.48727005028277026,-0.4266794493376198,0.257040340323884,0.8671072084575975
15,1,55,2,7,martensite,0.7068754768308851,-0.2597326397729837,0.6579255399296079,-0.2760674034216471,-0.9576799298761108,-0.08146128332230614,0.6512402391000868,-0.12404881196144112,-0.7486641725285222
16,1,56,2,9,martensite,0.8055040185391689,0.3602244517144635,-0.47053333623056276,0.5917042678413535,-0.5323234179940631,0.6054071671804402,-0.03239344896082232,-0.7660744892255137,-0.6419349978169835
17,1,57,2,11,martensite,0.34253955521458845,0.9332173937963407,-0.10849861302965208,-0.8367480734831524,0.25051931775813024,-0.486921690780185,-0.42722279273889996,0.25757594481233553,0.8666806320775882
18,1,58,2,1,martensite,-0.78485653831547,0.6184494746730912,-0.038993096056027965,0.37562142602667703,0.42475596027035256,-0.823705601853293,-0.4928577467922594,-0.6611373696073968,-0.5656753662088083
19,1,59,2,2,martensite,0.7184000606750716,-0.6924937653148959,0.06598286006268388,0.6521875692408464,0.7034936309821529,0.28239703556387197,-0.2419767082794751,-0.15984084636770518,0.9570256926972679
20,1,60,2,5,martensite,0.12210908555725819,0.24552209480845605,0.9616695233734079,0.08067030183116297,0.9632593725019499,-0.25617119996131205,-0.9892328712830155,0.10885900168574485,0.09781637963625402
21,1,61,2,12,martensite,-0.2970305403507789,-0.9328210675185554,0.2040042011637684,0.08008063001883123,-0.2372293377125798,-0.9681473720587367,0.9515040466517795,-0.27123255210611,0.1451652571495495
22,1,62,2,12,martensite,-0.29514682621849686,-0.9310616002508181,0.21450558853217455,0.09069038575046716,-0.250793139596858,-0.9637831992017615,0.9511380577527008,-0.26500395783749536,0.158459134873579
23,1,63,2,2,martensite,0.7257531173977729,-0.6826346485873308,0.08539525241759652,0.6411768126080222,0.7161637528662165,0.2756841926088502,-0.2493485663909683,-0.14532520644618901,0.9574475843669675
24,1,64,2,2,martensite,0.7328212149179192,-0.6763207192815031,0.07458787861827801,0.6398414425086535,0.722253850045167,0.2625877082869244,-0.2314648902418471,-0.1447054275605567,0.962020968492811
25,1,65,2,11,martensite,0.3417496279781802,0.9342514321627792,-0.10188941691153244,-0.8297450948028772,0.2490458210948189,-0.4994990056504336,-0.4412825278971969,0.2552458432511756,0.8603018598583033
26,1,66,2,3,martensite,-0.35765243039629224,0.685416705773359,0.6342623104665935,-0.14821620377655503,-0.7122415168448958,0.6861078476599349,0.9220177308325973,0.1513801873736397,0.35632477166347815
27,1,67,2,10,martensite,-0.8584140284899329,-0.35731058986261405,0.36804143525385263,0.1427105316043533,0.5228075993857113,0.8404200843588593,-0.49270585531419026,0.7739517791158441,-0.39779339328668073
28,1,68,3,9,martensite,0.17318937265303025,0.9163419070381693,-0.36100270165983606,0.2189373694144698,0.321550562028387,0.9212337729008312,0.9602457339004021,-0.23858488104840023,-0.14493234649724984
29,1,69,3,8,martensite,0.022549262066216658,-0.12388516497207347,-0.9920403200879041,-0.3608243931169551,-0.9264188651892159,0.10748880664193225,-0.9323611361012695,0.3555285531731141,-0.06559085124148117
30,1,70,3,11,martensite,0.923289372154148,0.3214845174289895,-0.21020095223535315,-0.14160895302570706,-0.22380262844948295,-0.9642921175256314,-0.35704851167616225,0.9200870005344888,-0.1611095023804772
31,1,71,3,12,martensite,-0.7156786121114211,-0.3129198206666222,0.6244079675982998,-0.6941478586576535,0.2198379601224419,-0.6854414793475795,0.07721965091389876,-0.923987260260212,-0.3745459496371077
32,1,72,3,2,martensite,0.21517536539521354,-0.7863764699230531,-0.5790609723322694,0.4462810250536695,0.6065949510990039,-0.6579329844127311,0.8686384799236573,-0.11685295397444687,0.48146918732496646
33,1,73,3,11,martensite,0.9200652859297178,0.3331398470174038,-0.20614973188507255,-0.13242156902609695,-0.2307803172168568,-0.9639527857950065,-0.3687063841103557,0.9141981664357612,-0.16821805729991982
34,1,74,3,12,martensite,-0.7105428916230931,-0.3259555839121915,0.6236038457870153,-0.6998762008182503,0.2356701403637397,-0.674264702078603,0.0728155388094171,-0.9155394815393803,-0.395582298707231
35,1,75,3,7,martensite,0.2879673611196849,0.4590536594009441,0.8404430597728602,-0.7917195464416162,-0.37961133024568217,0.4786182170910184,0.5387531519277143,-0.8032216230528819,0.25412608199129727
36,1,76,3,11,martensite,0.9216013732177948,0.3277705260783763,-0.20788792922480936,-0.13675776977380905,-0.2270393582834714,-0.9642356777244467,-0.3632467773973621,0.9170712142601215,-0.16441461822446735
37,1,77,3,6,martensite,-0.8070700129559154,0.13934990690102023,-0.5737766095215245,0.3240065296224718,0.9168975918296837,-0.23306345672140383,0.4936170205223288,-0.3740058950653109,-0.7851508310554441
38,1,78,3,1,martensite,-0.5100298836545514,0.4603600752339382,0.7265935032120282,0.7157834649497357,0.695588925424061,0.06172583034638363,-0.4769942862172204,0.551565633409119,-0.6842892684808974
39,1,79,3,3,martensite,-0.593416606212043,0.7883499343113772,-0.16236105611577148,-0.7961107250426165,-0.6045957984118565,-0.025915902740391156,-0.11859361257631448,0.11387845105188733,0.9863910246155537
0,2,80,1,11,martensite,-0.8057150295003459,-0.40123682151336776,0.43569749172918915,0.2853759319231534,0.38161531750199956,0.8791645619147985,-0.5190220310509456,0.8326936786776382,-0.1929698649376459
1,2,81,1,1,martensite,0.40908141815680676,-0.6693741435580811,-0.6201537303400676,-0.8494052878175752,-0.5276603053519452,0.00923358995375189,-0.33341123308364723,0.5229845677376884,-0.7844259630850222
2,2,82,1,12,martensite,0.821842877348836,0.39993455649784576,-0.4057420799841409,0.5515742061230028,-0.3802726886513239,0.7424005505154695,0.14261900325961105,-0.8339334702389419,-0.533117986119837
3,2,83,1,6,martensite,0.6346882415489024,-0.2731037446326429,0.7229005330660572,-0.41735692737097846,-0.9084457335190375,0.023228095628209346,0.6503722251257487,-0.31645014444409014,-0.6905615648631894
4,2,84,1,6,martensite,0.6430886562710105,-0.26997137306702307,0.7166257306989836,-0.41783285483458865,-0.9079274075314924,0.03291698761916814,0.6417574974991127,-0.3205983162423799,-0.696680726033258
5,2,85,1,11,martensite,-0.8089448033574351,-0.40096341572805516,0.4299263243495226,0.2870366920451562,0.36882909775079,0.8840673244001908,-0.5130479924342112,0.8385662978560661,-0.1832711694708052
6,2,86,1,7,martensite,-0.1807748357798129,-0.2394062320235387,-0.9539418823057689,0.8849784883503425,0.38357845384601796,-0.26397091677349815,0.42910783482234904,-0.8919373441074154,0.14252803331515446
7,2,87,1,9,martensite,-0.3647427165881194,-0.9172570045098445,0.16000730725046966,-0.07037111765324647,-0.14419820424773347,-0.9870434558275347,0.9284452899854421,-0.3712768045129625,-0.011953155838179982
8,2,88,1,12,martensite,0.8272688729460613,0.39794593752649254,-0.39656681991905784,0.5422864316296258,-0.3811701484536742,0.7487554634179382,0.146804761247586,-0.8344748940105778,-0.5311308815547013
9,2,89,1,7,martensite,-0.1807899806697364,-0.24119969822268525,-0.953487120241654,0.8872236399369596,0.37837647465264596,-0.26394214549110545,0.4244398610244432,-0.8936744088350753,0.14559139867049242
10,2,90,1,8,martensite,0.21236336619427498,0.2726852143309074,0.938373366301465,0.263363350701415,0.9087725963477398,-0.32368520762418435,-0.9410321706540962,0.3158720342364847,0.12117471593259581
11,2,91,1,11,martensite,-0.8033589036444415,-0.40403772890318596,0.43745626702329504,0.28667777603366446,0.38147826075716956,0.8788004263187844,-0.5219485843103638,0.8314011367519535,-0.1906353197704102
12,2,92,1,6,martensite,0.6283785165860705,-0.27078598645998164,0.7292567376651279,-0.42120389767902705,-0.9065843457602988,0.02630780497053007,0.6540089574868874,-0.3236970397752604,-0.683734239282814
13,2,93,1,10,martensite,0.351556600888012,0.9138562363072694,-0.20316184615813013,-0.7507091929872995,0.14553568499652023,-0.6444028801587958,-0.5593242922817002,0.37905955172625083,0.7372043083899259
14,2,94,2,11,martensite,0.3506320980684525,0.9315861203800595,-0.09593973170352607,-0.8320976388987769,0.2628918896744696,-0.4883660242916857,-0.42973323253292367,0.25106802794982874,0.8673489460408588
15,2,95,2,1,martensite,-0.793826280073699,0.6063607787245707,-0.0465450651399813,0.38652633428311484,0.44397410651539493,-0.8083838108531828,-0.469507433349048,-0.6597072068489087,-0.5868127224776236
16,2,96,2,8,martensite,-0.6519574854940358,0.3153027633262458,-0.6895908965083049,-0.7559933765657546,-0.20009531055035626,0.623246244500892,0.058527358534308425,0.9276562047087217,0.3688204362130801
17,2,97,2,2,martensite,0.7229998297920837,-0.6853299432134053,0.08714421986413443,0.6416032479411931,0.7128709698047568,0.2831258600709894,-0.2561572141321221,-0.14878793413693261,0.955115507309631
18,2,98,2,5,martensite,0.12259858966442438,0.24451235543237312,0.9618644883003048,0.08613456971092615,0.9628971754545906,-0.2557535247113609,-0.9887114956917452,0.11420480525128518,0.09698886917841787
19,2,99,2,12,martensite,-0.28520060479102916,-0.9328438845471121,0.22014291287680732,0.09270673105593259,-0.2554534089366945,-0.9623663636472054,0.9539738345697716,-0.254058739124787,0.1593363738465559
20,2,100,2,10,martensite,-0.8507446255592717,-0.36446825412705197,0.3786772686808561,0.15217010152837562,0.5188264347708403,0.8412273121955938,-0.5030684270383687,0.7732929731457268,-0.3859276297449871
21,2,101,2,3,martensite,-0.35507426597849423,0.6869094912104058,0.6340959048321437,-0.14818099061955087,-0.7110754726306057,0.6873238437899337,0.9230193170561719,0.15009004999740044,0.3542715303731528
22,2,102,2,9,martensite,0.800898002652978,0.33045539338131197,-0.4993612142844827,0.5966580146783803,-0.5108900438624455,0.6188623244327305,-0.05061227979971243,-0.7935934702777176,-0.6063396746593817
23,2,103,2,7,martensite,0.7018851878255916,-0.24143564138884457,0.6701238797253768,-0.258232496232757,-0.9630491414452401,-0.07650051667136001,0.6638321783406053,-0.11935318273403153,-0.7382964558839651
24,2,104,2,12,martensite,-0.2940378114384101,-0.9322545280704297,0.21081570230106444,0.09311010941122956,-0.24745570981916393,-0.9644149414040218,0.9512477453166126,-0.26394538558208375,0.15956365645091702
25,2,105,2,12,martensite,-0.285639500945317,-0.9352581631739405,0.20905081610990567,0.0929029544437928,-0.24413525693435192,-0.9652807971658883,0.9538234200077731,-0.2563008867290658,0.15662291948041887
26,2,106,2,10,martensite,-0.8544525661805564,-0.3594121011716536,0.37514497688072396,0.15019929031858717,0.5203562808083885,0.8406363745467207,-0.49734393063076043,0.7746304167502324,-0.39063631693700307
27,2,107,2,1,martensite,-0.7963395281191894,0.6029665849242732,-0.04769332678337435,0.3896951277925658,0.45116680768383216,-0.802861270095348,-0.4625808722046797,-0.6579360220486028,-0.5942551031006958
28,2,108,3,7,martensite,0.2838396256713822,0.4605870930252393,0.8410080835742837,-0.7943406135155655,-0.3783243191378522,0.47528275717576357,0.5370829141002762,-0.8029509569627777,0.2584796009245512
29,2,109,3,7,martensite,0.2700688663941475,0.46065885280372515,0.8454917082610189,-0.7916596340761993,-0.3935714833672243,0.46730772650841246,0.5480308669946597,-0.7955469243317322,0.25839361448650955
30,2,110,3,6,martensite,-0.8119748457223213,0.12927277587436287,-0.5691971533062594,0.31885377913049356,0.9150445922096075,-0.24703372604192356,0.4889060415339691,-0.3820758349931209,-0.78421230471467
31,2,111,3,8,martensite,0.01762387974016688,-0.12938254980289607,-0.9914381244784799,-0.36196361717653913,-0.9251584361258482,0.11429876598481245,-0.9320256105404939,0.35685014203678855,-0.06313665674506239
32,2,112,3,5,martensite,0.5227273533958525,-0.4591162926659558,0.7183093649817159,0.8459852358770171,0.38333318733964883,-0.3706273710374524,-0.10519075382311549,0.8014161823251974,0.5887843476328414
33,2,113,3,10,martensite,-0.4055456855659536,-0.9120685494553062,-0.06052815884639438,0.6075453571065712,-0.318431501440307,0.727660647519653,-0.6829504637798336,0.25832603427638734,0.6832615341419016
34,2,114,3,5,martensite,0.5214158731175416,-0.45971327464725353,0.7188805132803161,0.8467500204117481,0.382959035194511,-0.3692651896612968,-0.10554567823353082,0.801252820572875,0.5889431443953106
35,2,115,3,3,martensite,-0.5893615702531947,0.7913162743204879,-0.16270062539594404,-0.7998345532479975,-0.5998775122771742,-0.020289349292791546,-0.11365573869921819,0.11817581926811954,0.9864668513442526
36,2,116,3,1,martensite,-0.5061775889124742,0.45715345621895886,0.7312967700939302,0.7179045404611207,0.6932349718188685,0.06354797111316457,-0.4779093211772095,0.5571678304733261,-0.6790925484921667
37,2,117,3,2,martensite,0.21337585156000682,-0.7866888281842316,-0.5793025406306819,0.4476263453703916,0.6057800536205106,-0.6577698545584758,0.868390120223272,-0.11895887627937832,0.4814014799031664
38,2,118,3,4,martensite,0.8903026256152595,-0.45508400233063373,0.016117867269176765,-0.3673428361558018,-0.6968324994380733,0.6160224902159818,-0.2691105266383811,-0.5543672235527812,-0.787563651969029
39,2,119,3,2,martensite,0.21377633920592554,-0.7858848834153842,-0.5802453160645947,0.44746267415530444,0.6067763017116409,-0.6569624608141075,0.8683759738923555,-0.11919509092379722,0.4813685680081021
0,3,120,1,3,martensite,0.7671094353185679,-0.6413244538885925,0.015686270739945506,0.6376759640338124,0.7649608121531147,0.09057770566532966,-0.07008908002518159,-0.05948025482919232,0.9957658460434753
1,3,121,1,5,martensite,-0.6727529385141422,0.23089723370271364,-0.7029153229152293,-0.7264146513512671,-0.3864808533944439,0.5682906864112058,-0.14044656643294523,0.8929272184382873,0.42773326331869427
2,3,122,1,10,martensite,0.3497486446242317,0.9132509328234493,-0.20892251980246726,-0.754523635644677,0.14240357499764222,-0.6406366404456035,-0.5553106957704411,0.3816987759018759,0.7388748714349122
3,3,123,1,4,martensite,-0.7391644614208845,0.6729738178034073,-0.02724223785742375,0.501581919252521,0.523020002375154,-0.689104966891439,-0.449501365127328,-0.5230261156640272,-0.7241492975085099
4,3,124,1,2,martensite,-0.4212927527088348,0.6428396148912614,0.6397418589098789,-0.29258015881620514,-0.7640175487961732,0.5750426382439577,0.8584341950214337,0.055085521309521004,0.5099571728684298
5,3,125,1,11,martensite,-0.8003522858088621,-0.40563218833899445,0.44147338128572133,0.2895081949662871,0.38333224605568283,0.8770640764398387,-0.5249964034618634,0.8297704001211564,-0.18936699668866352
6,3,126,1,11,martensite,-0.8043927652644449,-0.3931779069084048,0.4453800766865818,0.29982584550456115,0.37853696366004874,0.8756792960385131,-0.5128905746430663,0.8379265484886828,-0.1866074965807871
7,3,127,1,2,martensite,-0.4396480585481699,0.6430539873259664,0.6270495626336093,-0.29852786123871333,-0.7630717138120995,0.5732387597189362,0.8471072545310094,0.0648315429713092,0.5274525290079618
8,3,128,1,2,martensite,-0.4410349152442514,0.6387645479079168,0.6304506767951723,-0.29874621958489117,-0.7668865899378807,0.5680102591126187,0.8463089860206096,0.06216760015830532,0.5290522560875485
9,3,129,1,1,martensite,0.4116420432260288,-0.6774169284863331,-0.6096368863912702,-0.8492948144183797,-0.5277594764159934,0.012971247247906319,-0.33052858643504684,0.5124219355699544,-0.7925746737664476
10,3,130,1,1,martensite,0.40895527441708146,-0.6726133925276877,-0.6167226343493839,-0.8490126575209802,-0.5282103267095356,0.013090382980199586,-0.33456403108465244,0.5182519415784178,-0.787071682983569
11,3,131,1,5,martensite,-0.6714429844016361,0.23940362726789494,-0.7013203418900659,-0.7316763526390484,-0.36426680106077186,0.5761591903578134,-0.11753311740374707,0.8999975560499744,0.4197503608306133
12,3,132,1,7,martensite,-0.16582813822432785,-0.2349005414275914,-0.9577696822358065,0.8839507125548072,0.39515791676624795,-0.24996271440118423,0.43718664932372125,-0.8880720446303797,0.14211219933247835
13,3,133,1,11,martensite,-0.8016895591717028,-0.40436187237270327,0.440210548358763,0.28898407382416935,0.38247466574015304,0.8776111525857825,-0.5232418712135604,0.8307855356457525,-0.18977180499413507
14,3,134,2,5,martensite,0.13115097093629147,0.23860601291231506,0.9622196180833958,0.08796657710246843,0.9639737447309443,-0.25103087615326564,-0.9874519249742457,0.11756610936612952,0.10543673834659249
15,3,135,2,6,martensite,-0.19339298234622748,-0.31997101311237536,-0.9274792208707817,0.9463478379209797,0.18861074999526312,-0.26239617879937177,0.25889172262071136,-0.928463534961963,0.2663278810121391
16,3,136,2,6,martensite,-0.19340282640316908,-0.31762286917758803,-0.9282839327030619,0.9446769760135085,0.19518796499332958,-0.2636040009403041,0.26491651086566653,-0.9279102172608943,0.2623011074578252
17,3,137,2,2,martensite,0.7212138888253712,-0.6873310515154033,0.08617744593636581,0.6427478444699811,0.7103858952178577,0.28675266050154774,-0.25831324974646197,-0.1514196337938151,0.9541207258555748
18,3,138,2,7,martensite,0.7047280720549416,-0.24562837255376682,0.6656012673172377,-0.258151906934375,-0.9626255195661235,-0.08191277083701295,0.6608448663671912,-0.11410000734723527,-0.7417986592866624
19,3,139,2,10,martensite,-0.8568335643370104,-0.365296077844422,0.3638612627596073,0.13799031413325502,0.5174989607300635,0.8444841613960026,-0.4967845772877209,0.7737917039842092,-0.3930031585296413
20,3,140,2,9,martensite,0.804732650011071,0.36011837799789,-0.4719323212435529,0.5931052675230948,-0.5213906422858153,0.6134964871726191,-0.025129736220604857,-0.7736061995388571,-0.6331681801800599
21,3,141,2,12,martensite,-0.30635326592104106,-0.928526335116336,0.20972963895200417,0.08660866529948187,-0.24659755066839786,-0.9652401706826076,0.9479697334591197,-0.2775400745834244,0.1559643915952384
22,3,142,2,2,martensite,0.722686218091227,-0.68538408600796,0.08929325186167887,0.6413725976113854,0.7131440880811137,0.2829605991444402,-0.25761564629157113,-0.1472214803688305,0.9549659755738872
23,3,143,2,6,martensite,-0.2084684551103808,-0.3049313075979993,-0.9292781073879152,0.9426988472415044,0.1904258489693308,-0.2739651062705766,0.2604991106192684,-0.933142483059733,0.2477606096127593
24,3,144,2,1,martensite,-0.783668635112567,0.6191284861018351,-0.05043201401942954,0.39227637225091694,0.430304586989305,-0.8129927491617767,-0.48164584303663044,-0.6569002055968722,-0.5800856848538157
25,3,145,2,11,martensite,0.3524881929443384,0.9285134487944694,-0.11668268613052726,-0.8297763385542491,0.25245698701553043,-0.4977315518254236,-0.4326930803818556,0.2722650273443884,0.8594465969883297
26,3,146,2,4,martensite,0.4279701545443675,-0.605687148340312,-0.6708089334189371,-0.8815561951545031,-0.44338047942325354,-0.16208770851338958,-0.19924914455019901,0.6607244726826659,-0.723700870245592
27,3,147,2,8,martensite,-0.6296941957762048,0.3274023650160744,-0.7044805967431891,-0.7742236072949167,-0.19008193464409,0.6036941808806894,0.06374186781861109,0.9255682306042277,0.3731761310469276
28,3,148,3,3,martensite,-0.5765089979455462,0.7997752139628344,-0.16732298831459022,-0.8065510470808519,-0.589797903082635,-0.04017265204225634,-0.1308158390280156,0.11179463605213362,0.9850833343475908
29,3,149,3,7,martensite,0.2816965026393532,0.4621657263324307,0.840862605783117,-0.793325981636686,-0.38074727417285303,0.47504252448610446,0.5397045184737159,-0.800895969907178,0.2593929029975482
30,3,150,3,7,martensite,0.27922527591451485,0.47347923263360775,0.8353745636270911,-0.7890769258261473,-0.3825967694335741,0.48060099578314364,0.5471661999970575,-0.7933707382325631,0.2667808488199584
31,3,151,3,6,martensite,-0.8107532797990955,0.1297316525023976,-0.5708316894094148,0.3100268252974927,0.9223075683252827,-0.23072086382870025,0.4965505884509325,-0.3640308335140044,-0.7879841783691673
32,3,152,3,3,martensite,-0.594292053835008,0.786378330897667,-0.16860034235780028,-0.7952815320695314,-0.6058258396690848,-0.022412869927507476,-0.11976743922162933,0.12076494807620362,0.9854296463058361
33,3,153,3,11,martensite,0.9232757034426182,0.3225194729016609,-0.2086699907312347,-0.1404375095599829,-0.22221488186769983,-0.964830478470241,-0.35754619469535465,0.9201096325306891,-0.159871769812911
34,3,154,3,2,martensite,0.22131622442926613,-0.7786158793793945,-0.5871766694808535,0.4425723472039749,0.6167243259107821,-0.6509845031337196,0.8689930070459365,-0.11579472444003738,0.481084956631484
35,3,155,3,1,martensite,-0.5151235534120817,0.4475721074316277,0.7309766982396373,0.7056605926307653,0.7055356475222229,0.06528842227680733,-0.4865088413668423,0.54945305415896,-0.6792720283857444
36,3,156,3,12,martensite,-0.7097210794902293,-0.33662048172174397,0.6188559126425514,-0.699487856669851,0.2322969626759852,-0.6758364147505891,0.0837420306575001,-0.912537545757397,-0.4003279903834167
37,3,157,3,2,martensite,0.2151191491802975,-0.7851412641992601,-0.5807554966657938,0.4514491615093411,0.6072729071106396,-0.653768514737369,0.8659777169352902,-0.12154345536054391,0.48508739648702665
38,3,158,3,6,martensite,-0.8167103849283077,0.13818484623453656,-0.5602580614515007,0.3114397593643032,0.9229102373169746,-0.22636689277063166,0.48578742618285303,-0.3593628279700938,-0.7967866304324991
39,3,159,3,5,martensite,0.5143926818481508,-0.4647843159690871,0.720677256814876,0.8511324274209695,0.37936516607721305,-0.36284385313753986,-0.10475571513552648,0.8000360056874666,0.5907356682561908
0,4,160,1,4,martensite,-0.7353667040170571,0.6775450502472018,-0.012981352341219955,0.511346662677415,0.5422107678245053,-0.6667323854619858,-0.4447025985889446,-0.49693076795533314,-0.7451841454751723
1,4,161,1,9,martensite,-0.3779036498240178,-0.9103945246736337,0.16843586581828449,-0.07819621707134432,-0.1498917696328329,-0.9856053008339948,0.9225368193657191,-0.3856348879971919,-0.014544761049114487
2,4,162,1,7,martensite,-0.1830402324013125,-0.23283727353994083,-0.9551351094860665,0.8838073121407484,0.3865252745768077,-0.26359599223028646,0.4305588325990064,-0.8924040655240262,0.13503360880599544
3,4,163,1,5,martensite,-0.6767628864791628,0.2342223080367836,-0.6979483547529244,-0.7216709486637766,-0.39848624070379474,0.5660386540020764,-0.14554393611249064,0.8867630046340903,0.43871213372005524
4,4,164,1,7,martensite,-0.18077130221121163,-0.23771844488332625,-0.954364541073858,0.8873987541453355,0.37897889961344167,-0.2624851325105697,0.42408158111166433,-0.8943516839644446,0.14244254263313622
5,4,165,1,6,martensite,0.6355704134831939,-0.2724067517752965,0.7223882689330121,-0.41715813570002636,-0.9085054219651454,0.02443333950182176,0.6496378524409429,-0.3168792512096128,-0.6910558594127937
6,4,166,1,11,martensite,-0.8033288425186351,-0.4059913198394813,0.43569922996565635,0.2844784960954215,0.38113749227325994,0.8796625473685564,-0.5231966705140213,0.8306053576751393,-0.19068294041260203
7,4,167,1,2,martensite,-0.43452672255413094,0.6406504235979301,0.6330509948891624,-0.3021632435492457,-0.7658342103063871,0.5676225300075673,0.8484597230476911,0.055362415664285715,0.526356439399814
8,4,168,1,9,martensite,-0.3657914381726026,-0.9180887800052664,0.15267486953674062,-0.07115307496574963,-0.135977079940837,-0.9881535678494926,0.927972986504746,-0.3723214011565882,-0.015585588158858719
9,4,169,1,12,martensite,0.8249253812486246,0.40447205298682837,-0.3948423403390675,0.5448984417353442,-0.3833320463041875,0.745749442152415,0.1502790855914601,-0.8303366188654243,-0.5366165258403153
10,4,170,1,8,martensite,0.2095670961860392,0.2765879103073806,0.9378596697096788,0.2667519736986099,0.9066034473259711,-0.3269764117250061,-0.9407045321056169,0.3186994150739235,0.11621388087268861
11,4,171,1,7,martensite,-0.1802501863404924,-0.2376295826177031,-0.954485228690918,0.8856019343468806,0.383072068155593,-0.26261188944916436,0.42804098425884535,-0.8926298068426423,0.1413964063573961
12,4,172,1,12,martensite,0.825827119148737,0.402982217937758,-0.39448054616731415,0.5434474494813748,-0.38192197305847897,0.747529582121876,0.1505803404521521,-0.8317096479668146,-0.5344011812751079
13,4,173,1,5,martensite,-0.6684143109774658,0.244467518983429,-0.7024656155589442,-0.7333445587677595,-0.3743263573418429,0.5675258023428602,-0.12420977017223603,0.8944917050265329,0.42948401906530415
14,4,174,2,4,martensite,0.4271440515305567,-0.6180458523663829,-0.6599752143942771,-0.8846839992059898,-0.43644396399677576,-0.1638624052053339,-0.18676771881392415,0.653862363700108,-0.7331997194118057
15,4,175,2,12,martensite,-0.29423686667440885,-0.9330762562583222,0.20686557542660364,0.09547406070436938,-0.24406080957373216,-0.9650487163676417,0.9509518231867715,-0.2642026139862512,0.16089626701880724
16,4,176,2,3,martensite,-0.3575029339021616,0.6841745156743432,0.6356861524000068,-0.14778321456652477,-0.7135379937069959,0.6848530156383769,0.9221452020933206,0.15089321932536395,0.3562014354517629
17,4,177,2,2,martensite,0.7122839822710947,-0.6970611971085232,0.08220228759385857,0.6588592135171226,0.7043900723735935,0.2640817348949414,-0.24198360556787657,-0.13394145522263062,0.9609909579227133
18,4,178,2,7,martensite,0.7040083175739404,-0.2419706197281237,0.6676994143887635,-0.25867906174268473,-0.9629513347768716,-0.0762225023688251,0.6614056484508083,-0.11905858238627312,-0.7405184819824127
19,4,179,2,2,martensite,0.722695443312332,-0.6859816425688732,0.08450137439179531,0.643065912039585,0.7121678645781641,0.28157266457324026,-0.2533328423009706,-0.14915132825653415,0.9558118812250783
20,4,180,2,1,martensite,-0.8025736024775585,0.5939253563230489,-0.05593106223498462,0.37971349681329464,0.43628621277414104,-0.8157646724889583,-0.46010137246482347,-0.6759489711951168,-0.5756732713929396
21,4,181,2,1,martensite,-0.7945439213523051,0.6051816100758725,-0.049549731261399756,0.3878538087385758,0.4430367763869887,-0.8082622333225804,-0.4671930865167876,-0.6614178963368016,-0.5867341700602732
22,4,182,2,10,martensite,-0.8524668376218596,-0.3583461079079669,0.3806420335462146,0.15600296994393478,0.5205648226639978,0.8394494259772125,-0.4989622872759599,0.7749840852249883,-0.3878611910520702
23,4,183,2,12,martensite,-0.28566448311227144,-0.9367026686227854,0.20244484108801322,0.08731068518480344,-0.23580776928987626,-0.9678695884235089,0.9543440927363458,-0.25881036790956535,0.14914605633993946
24,4,184,2,3,martensite,-0.3510266588615565,0.687357498797186,0.6358615836923701,-0.1525034357535095,-0.7119744851209268,0.6854451361124143,0.9238630779784783,0.1436384397856914,0.3547464048641854
25,4,185,2,2,martensite,0.7245291369347686,-0.684723982486166,0.07880734446004585,0.6425538460806832,0.7123857574407966,0.28218980754524847,-0.24936335861445477,-0.1538167754303396,0.9561162664533699
26,4,186,2,4,martensite,0.4297894503346653,-0.6026830770965238,-0.6723497132910015,-0.8802592678904708,-0.44548149001064435,-0.16337032579642052,-0.20105882142785658,0.6620569089129437,-0.7219806089409047
27,4,187,2,2,martensite,0.7187823644592881,-0.689739589586388,0.08724225524088773,0.6436958746710463,0.7076515461128059,0.291350150533052,-0.2626928500621819,-0.15325987029015867,0.952629979942292
28,4,188,3,4,martensite,0.8878681242416879,-0.45945237269834316,0.02436618922624964,-0.3752546045728118,-0.692483486673708,0.6161579362721276,-0.2662220421047989,-0.556210515817606,-0.7872456328182859
29,4,189,3,5,martensite,0.5156706724139182,-0.4461468491781328,0.7314620609304362,0.8488278809642705,0.3821217562115929,-0.3653411993294404,-0.11651174236909947,0.8092811331040604,0.5757508675563803
30,4,190,3,2,martensite,0.2154669582627613,-0.7851533450892728,-0.5806102088252653,0.44721472284133584,0.6078991934174653,-0.6560926476621591,0.8680858146352469,-0.11829114648831399,0.4821143257480944
31,4,191,3,3,martensite,-0.5917070281326513,0.7868999519892746,-0.1751321170365468,-0.7966003945447684,-0.6040760542360617,-0.02280201986030853,-0.12373602656278064,0.12601819812180887,0.984280859040034
32,4,192,3,4,martensite,0.890781548318992,-0.45414365693452285,0.016179370833190605,-0.3661461155646707,-0.6961804139515996,0.6174705282740888,-0.2691565626755593,-0.5559553670001918,-0.7864276029440725
33,4,193,3,12,martensite,-0.713485716365927,-0.3231119509603438,0.6217208374249659,-0.6964295503216678,0.22955956871791616,-0.6799178522798207,0.07696761644068288,-0.9180964391373299,-0.3888121840462245
34,4,194,3,4,martensite,0.8916051962838991,-0.4528136194334613,3.888219107166932e-06,-0.359803045082796,-0.7084590439553541,0.6071470594403083,-0.2749217028695575,-0.541336872098543,-0.7945894840720386
35,4,195,3,4,martensite,0.8922095768623186,-0.4512672220507687,0.017887572718089027,-0.36663798566677175,-0.7006234518394568,0.6121301872957877,-0.26370183621161003,-0.5527066790216545,-0.7905546587956325
36,4,196,3,10,martensite,-0.39757608677144884,-0.9154973512189095,-0.06162674045138597,0.6336631342875042,-0.3225171884803084,0.7031740150060252,-0.6636296312495683,0.24051457969511558,0.7083420427178129
37,4,197,3,7,martensite,0.28607565098078425,0.4548472300547859,0.8433710448120741,-0.8088145340378997,-0.3573140862776779,0.4670606954953534,0.5137896178836002,-0.8157454511421052,0.2656681905987002
